% C = eye(3) and no of gauss points = 1

kmat =
    0.5000    0.2500         0   -0.2500   -0.5000   -0.2500         0    0.2500
    0.2500    0.5000    0.2500         0   -0.2500   -0.5000   -0.2500         0
         0    0.2500    0.5000   -0.2500         0   -0.2500   -0.5000    0.2500
   -0.2500         0   -0.2500    0.5000    0.2500         0    0.2500   -0.5000
   -0.5000   -0.2500         0    0.2500    0.5000    0.2500         0   -0.2500
   -0.2500   -0.5000   -0.2500         0    0.2500    0.5000    0.2500         0
         0   -0.2500   -0.5000    0.2500         0    0.2500    0.5000   -0.2500
    0.2500         0    0.2500   -0.5000   -0.2500         0   -0.2500    0.5000

eig(kmat) =
   -0.0000
   -0.0000
    0.0000
    0.0000
    0.0000
    1.0000
    1.0000
    2.0000

---------------------------------------------------------------------------------------------
% C = eye(3) and no of gauss points = 2

kmat =
    0.6667    0.2500   -0.1667   -0.2500   -0.3333   -0.2500   -0.1667    0.2500
    0.2500    0.6667    0.2500   -0.1667   -0.2500   -0.3333   -0.2500   -0.1667
   -0.1667    0.2500    0.6667   -0.2500   -0.1667   -0.2500   -0.3333    0.2500
   -0.2500   -0.1667   -0.2500    0.6667    0.2500   -0.1667    0.2500   -0.3333
   -0.3333   -0.2500   -0.1667    0.2500    0.6667    0.2500   -0.1667   -0.2500
   -0.2500   -0.3333   -0.2500   -0.1667    0.2500    0.6667    0.2500   -0.1667
   -0.1667   -0.2500   -0.3333    0.2500   -0.1667    0.2500    0.6667   -0.2500
    0.2500   -0.1667    0.2500   -0.3333   -0.2500   -0.1667   -0.2500    0.6667

eig(kmat) =
    2.0000
    0.0000
    1.0000
    0.6667
    1.0000
    0.6667
   -0.0000
   -0.0000

V =
    0.3536    0.6124    0.5000    0.5000   -0.0490   -0.0182   -0.0537   -0.1314
    0.3536   -0.2041    0.0000   -0.0000    0.4976    0.4997    0.3830    0.3648
    0.3536    0.6124   -0.5000   -0.5000    0.0490    0.0182   -0.0537   -0.1314
   -0.3536    0.2041    0.0000   -0.0000    0.4976   -0.4997   -0.2202    0.5182
   -0.3536    0.2041   -0.5000    0.5000    0.0490   -0.0182    0.5495   -0.2848
   -0.3536    0.2041   -0.0000   -0.0000   -0.4976    0.4997   -0.2202    0.5182
   -0.3536    0.2041    0.5000   -0.5000   -0.0490    0.0182    0.5495   -0.2848
    0.3536   -0.2041   -0.0000    0.0000   -0.4976   -0.4997    0.3830    0.3648


----------------------------------------------------------------------------------------------
% C = plane stress; and no of gauss points = 1 nu = 0.3

kmat =
    0.4670    0.2747   -0.0824   -0.1099   -0.4670   -0.2747    0.0824    0.1099
    0.2747    0.4670    0.1099    0.0824   -0.2747   -0.4670   -0.1099   -0.0824
   -0.0824    0.1099    0.4670   -0.2747    0.0824   -0.1099   -0.4670    0.2747
   -0.1099    0.0824   -0.2747    0.4670    0.1099   -0.0824    0.2747   -0.4670
   -0.4670   -0.2747    0.0824    0.1099    0.4670    0.2747   -0.0824   -0.1099
   -0.2747   -0.4670   -0.1099   -0.0824    0.2747    0.4670    0.1099    0.0824
    0.0824   -0.1099   -0.4670    0.2747   -0.0824    0.1099    0.4670   -0.2747
    0.1099   -0.0824    0.2747   -0.4670   -0.1099    0.0824   -0.2747    0.4670

eig(kmat) =
   -0.0000
   -0.0000
   -0.0000
    0.0000
    0.0000
    0.7692
    1.4286
    1.5385


----------------------------------------------------------------------------------------------
% C = plane stress; and no of gauss points = 2 nu = 0.3

kmat =
    0.6227    0.2747   -0.2381   -0.1099   -0.3114   -0.2747   -0.0733    0.1099
    0.2747    0.6227    0.1099   -0.0733   -0.2747   -0.3114   -0.1099   -0.2381
   -0.2381    0.1099    0.6227   -0.2747   -0.0733   -0.1099   -0.3114    0.2747
   -0.1099   -0.0733   -0.2747    0.6227    0.1099   -0.2381    0.2747   -0.3114
   -0.3114   -0.2747   -0.0733    0.1099    0.6227    0.2747   -0.2381   -0.1099
   -0.2747   -0.3114   -0.1099   -0.2381    0.2747    0.6227    0.1099   -0.0733
   -0.0733   -0.1099   -0.3114    0.2747   -0.2381    0.1099    0.6227   -0.2747
    0.1099   -0.2381    0.2747   -0.3114   -0.1099   -0.0733   -0.2747    0.6227

eig(kmat) =
    1.5385
    1.4286
    0.7692
    0.0000
    0.6227
    0.6227
   -0.0000
    0.0000

V =
   -0.3536   -0.3536    0.3536   -0.6124   -0.5000    0.0076   -0.1601    0.0641
   -0.3536   -0.3536   -0.3536    0.2041    0.0000    0.4999    0.5055    0.1729
   -0.3536    0.3536   -0.3536   -0.6124    0.5000   -0.0076   -0.1601    0.0641
    0.3536   -0.3536   -0.3536   -0.2041    0.0000   -0.4999    0.4548   -0.3494
    0.3536    0.3536   -0.3536   -0.2041   -0.5000    0.0076   -0.1094    0.5864
    0.3536    0.3536    0.3536   -0.2041   -0.0000    0.4999    0.4548   -0.3494
    0.3536   -0.3536    0.3536   -0.2041    0.5000   -0.0076   -0.1094    0.5864
   -0.3536    0.3536    0.3536    0.2041   -0.0000   -0.4999    0.5055    0.1729


----------------------------------------------------------------------------------------------
% C = plane stress; and no of gauss points = 1 nu = 0.499

kmat =
    0.4997    0.3329   -0.1661   -0.0007   -0.4997   -0.3329    0.1661    0.0007
    0.3329    0.4997    0.0007    0.1661   -0.3329   -0.4997   -0.0007   -0.1661
   -0.1661    0.0007    0.4997   -0.3329    0.1661   -0.0007   -0.4997    0.3329
   -0.0007    0.1661   -0.3329    0.4997    0.0007   -0.1661    0.3329   -0.4997
   -0.4997   -0.3329    0.1661    0.0007    0.4997    0.3329   -0.1661   -0.0007
   -0.3329   -0.4997   -0.0007   -0.1661    0.3329    0.4997    0.0007    0.1661
    0.1661   -0.0007   -0.4997    0.3329   -0.1661    0.0007    0.4997   -0.3329
    0.0007   -0.1661    0.3329   -0.4997   -0.0007    0.1661   -0.3329    0.4997

eig(kmat) =
   -0.0000
   -0.0000
    0.0000
    0.0000
    0.0000
    0.6671
    1.3342
    1.9960


----------------------------------------------------------------------------------------------
% C = plane stress; and no of gauss points = 2 nu = 0.499

kmat =
    0.6662    0.3329   -0.3327   -0.0007   -0.3331   -0.3329   -0.0004    0.0007
    0.3329    0.6662    0.0007   -0.0004   -0.3329   -0.3331   -0.0007   -0.3327
   -0.3327    0.0007    0.6662   -0.3329   -0.0004   -0.0007   -0.3331    0.3329
   -0.0007   -0.0004   -0.3329    0.6662    0.0007   -0.3327    0.3329   -0.3331
   -0.3331   -0.3329   -0.0004    0.0007    0.6662    0.3329   -0.3327   -0.0007
   -0.3329   -0.3331   -0.0007   -0.3327    0.3329    0.6662    0.0007   -0.0004
   -0.0004   -0.0007   -0.3331    0.3329   -0.3327    0.0007    0.6662   -0.3329
    0.0007   -0.3327    0.3329   -0.3331   -0.0007   -0.0004   -0.3329    0.6662

eig(kmat) =
   1.9960 + 0.0000i
   1.3342 + 0.0000i
   0.6662 + 0.0000i
   0.6671 + 0.0000i
   0.6662 + 0.0000i
  -0.0000 + 0.0000i
   0.0000 + 0.0000i
   0.0000 - 0.0000i
up to a precision of 1e-16

V =
  -0.3536 + 0.0000i  -0.3536 + 0.0000i  -0.5000 + 0.0000i   0.3536 + 0.0000i   0.1263 + 0.0000i   0.1286 + 0.0000i  -0.1376 - 0.2289i  -0.1376 + 0.2289i
  -0.3536 + 0.0000i  -0.3536 + 0.0000i   0.0000 + 0.0000i  -0.3536 + 0.0000i  -0.4838 + 0.0000i  -0.0457 + 0.0000i   0.4463 - 0.0000i   0.4463 + 0.0000i
   0.3536 + 0.0000i  -0.3536 + 0.0000i   0.5000 + 0.0000i  -0.3536 + 0.0000i  -0.1263 + 0.0000i   0.1286 + 0.0000i  -0.1376 - 0.2289i  -0.1376 + 0.2289i
  -0.3536 + 0.0000i   0.3536 + 0.0000i  -0.0000 + 0.0000i  -0.3536 + 0.0000i   0.4838 + 0.0000i   0.5303 + 0.0000i  -0.1192 - 0.1685i  -0.1192 + 0.1685i
   0.3536 + 0.0000i   0.3536 + 0.0000i  -0.5000 + 0.0000i  -0.3536 + 0.0000i   0.1263 + 0.0000i  -0.4474 + 0.0000i   0.4280 - 0.0604i   0.4280 + 0.0604i
   0.3536 + 0.0000i   0.3536 + 0.0000i   0.0000 + 0.0000i   0.3536 + 0.0000i  -0.4838 + 0.0000i   0.5303 + 0.0000i  -0.1192 - 0.1685i  -0.1192 + 0.1685i
  -0.3536 + 0.0000i   0.3536 + 0.0000i   0.5000 + 0.0000i   0.3536 + 0.0000i  -0.1263 + 0.0000i  -0.4474 + 0.0000i   0.4280 - 0.0604i   0.4280 + 0.0604i
   0.3536 + 0.0000i  -0.3536 + 0.0000i  -0.0000 + 0.0000i   0.3536 + 0.0000i   0.4838 + 0.0000i  -0.0457 + 0.0000i   0.4463 + 0.0000i   0.4463 + 0.0000i

----------------------------------------------------------------------------------------------
% C = plane strain; and no of gauss points = 1 nu = 0.3

kmat =
    0.5288    0.3365   -0.1442   -0.0481   -0.5288   -0.3365    0.1442    0.0481
    0.3365    0.5288    0.0481    0.1442   -0.3365   -0.5288   -0.0481   -0.1442
   -0.1442    0.0481    0.5288   -0.3365    0.1442   -0.0481   -0.5288    0.3365
   -0.0481    0.1442   -0.3365    0.5288    0.0481   -0.1442    0.3365   -0.5288
   -0.5288   -0.3365    0.1442    0.0481    0.5288    0.3365   -0.1442   -0.0481
   -0.3365   -0.5288   -0.0481   -0.1442    0.3365    0.5288    0.0481    0.1442
    0.1442   -0.0481   -0.5288    0.3365   -0.1442    0.0481    0.5288   -0.3365
    0.0481   -0.1442    0.3365   -0.5288   -0.0481    0.1442   -0.3365    0.5288

eig(kmat) =
   -0.0000
   -0.0000
   -0.0000
    0.0000
    0.0000
    0.7692
    1.5385
    1.9231

----------------------------------------------------------------------------------------------
% C = plane strain; and no of gauss points = 2 nu = 0.3

kmat =
    0.7051    0.3365   -0.3205   -0.0481   -0.3526   -0.3365   -0.0321    0.0481
    0.3365    0.7051    0.0481   -0.0321   -0.3365   -0.3526   -0.0481   -0.3205
   -0.3205    0.0481    0.7051   -0.3365   -0.0321   -0.0481   -0.3526    0.3365
   -0.0481   -0.0321   -0.3365    0.7051    0.0481   -0.3205    0.3365   -0.3526
   -0.3526   -0.3365   -0.0321    0.0481    0.7051    0.3365   -0.3205   -0.0481
   -0.3365   -0.3526   -0.0481   -0.3205    0.3365    0.7051    0.0481   -0.0321
   -0.0321   -0.0481   -0.3526    0.3365   -0.3205    0.0481    0.7051   -0.3365
    0.0481   -0.3205    0.3365   -0.3526   -0.0481   -0.0321   -0.3365    0.7051

eig(kmat) =
   1.9231 + 0.0000i
   1.5385 + 0.0000i
   0.7692 + 0.0000i
   0.7051 + 0.0000i
   0.7051 + 0.0000i
  -0.0000 + 0.0000i
  -0.0000 - 0.0000i
   0.0000 + 0.0000i

V =
   0.3536 + 0.0000i   0.3536 + 0.0000i  -0.3536 + 0.0000i  -0.5000 + 0.0000i  -0.0052 + 0.0000i   0.0320 + 0.1941i   0.0320 - 0.1941i   0.1402 + 0.0000i
   0.3536 + 0.0000i   0.3536 + 0.0000i   0.3536 + 0.0000i  -0.0000 + 0.0000i  -0.5000 + 0.0000i   0.2342 - 0.2139i   0.2342 + 0.2139i   0.3524 + 0.0000i
  -0.3536 + 0.0000i   0.3536 + 0.0000i   0.3536 + 0.0000i   0.5000 + 0.0000i   0.0052 + 0.0000i   0.0320 + 0.1941i   0.0320 - 0.1941i   0.1402 + 0.0000i
   0.3536 + 0.0000i  -0.3536 + 0.0000i   0.3536 + 0.0000i  -0.0000 + 0.0000i   0.5000 + 0.0000i  -0.2700 - 0.0198i  -0.2700 + 0.0198i   0.5889 + 0.0000i
  -0.3536 + 0.0000i  -0.3536 + 0.0000i   0.3536 + 0.0000i  -0.5000 + 0.0000i  -0.0052 + 0.0000i   0.5362 + 0.0000i   0.5362 - 0.0000i  -0.0963 + 0.0000i
  -0.3536 + 0.0000i  -0.3536 + 0.0000i  -0.3536 + 0.0000i   0.0000 + 0.0000i  -0.5000 + 0.0000i  -0.2700 - 0.0198i  -0.2700 + 0.0198i   0.5889 + 0.0000i
   0.3536 + 0.0000i  -0.3536 + 0.0000i  -0.3536 + 0.0000i   0.5000 + 0.0000i   0.0052 + 0.0000i   0.5362 + 0.0000i   0.5362 + 0.0000i  -0.0963 + 0.0000i
  -0.3536 + 0.0000i   0.3536 + 0.0000i  -0.3536 + 0.0000i   0.0000 + 0.0000i   0.5000 + 0.0000i   0.2342 - 0.2139i   0.2342 + 0.2139i   0.3524 + 0.0000i


----------------------------------------------------------------------------------------------
% C = plane strain; and no of gauss points = 1 nu = 0.499

kmat =
   41.9446   41.7779  -41.6111   41.4443  -41.9446  -41.7779   41.6111  -41.4443
   41.7779   41.9446  -41.4443   41.6111  -41.7779  -41.9446   41.4443  -41.6111
  -41.6111  -41.4443   41.9446  -41.7779   41.6111   41.4443  -41.9446   41.7779
   41.4443   41.6111  -41.7779   41.9446  -41.4443  -41.6111   41.7779  -41.9446
  -41.9446  -41.7779   41.6111  -41.4443   41.9446   41.7779  -41.6111   41.4443
  -41.7779  -41.9446   41.4443  -41.6111   41.7779   41.9446  -41.4443   41.6111
   41.6111   41.4443  -41.9446   41.7779  -41.6111  -41.4443   41.9446  -41.7779
  -41.4443  -41.6111   41.7779  -41.9446   41.4443   41.6111  -41.7779   41.9446

eig(kmat) =
   -0.0000
   -0.0000
   -0.0000
    0.0000
    0.0000
    0.6671
    1.3342
  333.5557


----------------------------------------------------------------------------------------------
% C = plane strain; and no of gauss points = 2 nu = 0.499

kmat =
   55.9262   41.7779  -55.5926   41.4443  -27.9631  -41.7779   27.6295  -41.4443
   41.7779   55.9262  -41.4443   27.6295  -41.7779  -27.9631   41.4443  -55.5926
  -55.5926  -41.4443   55.9262  -41.7779   27.6295   41.4443  -27.9631   41.7779
   41.4443   27.6295  -41.7779   55.9262  -41.4443  -55.5926   41.7779  -27.9631
  -27.9631  -41.7779   27.6295  -41.4443   55.9262   41.7779  -55.5926   41.4443
  -41.7779  -27.9631   41.4443  -55.5926   41.7779   55.9262  -41.4443   27.6295
   27.6295   41.4443  -27.9631   41.7779  -55.5926  -41.4443   55.9262  -41.7779
  -41.4443  -55.5926   41.7779  -27.9631   41.4443   27.6295  -41.7779   55.9262

eig(kmat) =
   -0.0000
   -0.0000
    0.0000
    0.6671
    1.3342
   55.9262
   55.9262
  333.5557

V =
    0.0857   -0.5832    0.1660   -0.3536   -0.3536    0.4999    0.0107   -0.3536
   -0.0745    0.0306   -0.6071    0.3536   -0.3536   -0.0107    0.4999   -0.3536
    0.0857   -0.5832    0.1660    0.3536   -0.3536   -0.4999   -0.0107    0.3536
   -0.4879   -0.3324   -0.1628    0.3536    0.3536    0.0107   -0.4999   -0.3536
    0.4991   -0.2202   -0.2782    0.3536    0.3536    0.4999    0.0107    0.3536
   -0.4879   -0.3324   -0.1628   -0.3536    0.3536   -0.0107    0.4999    0.3536
    0.4991   -0.2202   -0.2782   -0.3536    0.3536   -0.4999   -0.0107   -0.3536
   -0.0745    0.0306   -0.6071   -0.3536   -0.3536    0.0107   -0.4999    0.3536
